# Created by Octave 3.0.0, Fri Jun 06 12:44:19 2008 CEST <toni@django>
# name: pairs
# type: matrix
# rows: 826
# columns: 2
 0 0
 0 5
 0 10
 0 15
 0 20
 0 25
 0 30
 0 35
 0 40
 0 45
 0 50
 0 55
 0 60
 0 65
 0 70
 0 75
 0 80
 0 85
 0 90
 0 95
 0 100
 0 105
 0 110
 0 115
 0 120
 0 125
 0 130
 0 135
 0 140
 0 145
 0 150
 0 155
 0 160
 0 165
 0 170
 0 175
 0 180
 0 185
 0 190
 0 195
 0 200
 0 205
 0 210
 0 215
 0 220
 0 225
 0 230
 0 235
 0 240
 0 245
 0 250
 0 255
 0 260
 0 265
 0 270
 0 275
 0 280
 0 285
 0 290
 0 295
 0 300
 0 305
 0 310
 0 315
 0 320
 0 325
 0 330
 0 335
 0 340
 0 345
 0 350
 0 355
 10 0
 10 5
 10 10
 10 15
 10 20
 10 25
 10 30
 10 35
 10 41
 10 46
 10 51
 10 56
 10 61
 10 66
 10 71
 10 76
 10 81
 10 86
 10 91
 10 96
 10 101
 10 106
 10 112
 10 117
 10 122
 10 127
 10 132
 10 137
 10 142
 10 147
 10 152
 10 157
 10 162
 10 167
 10 172
 10 177
 10 183
 10 188
 10 193
 10 198
 10 203
 10 208
 10 213
 10 218
 10 223
 10 228
 10 233
 10 238
 10 243
 10 248
 10 254
 10 259
 10 264
 10 269
 10 274
 10 279
 10 284
 10 289
 10 294
 10 299
 10 304
 10 309
 10 314
 10 319
 10 325
 10 330
 10 335
 10 340
 10 345
 10 350
 10 355
 20 0
 20 5
 20 11
 20 16
 20 21
 20 26
 20 32
 20 37
 20 42
 20 48
 20 53
 20 58
 20 64
 20 69
 20 74
 20 79
 20 85
 20 90
 20 95
 20 101
 20 106
 20 111
 20 116
 20 122
 20 127
 20 132
 20 138
 20 143
 20 148
 20 154
 20 159
 20 164
 20 169
 20 175
 20 180
 20 185
 20 191
 20 196
 20 201
 20 206
 20 212
 20 217
 20 222
 20 228
 20 233
 20 238
 20 244
 20 249
 20 254
 20 259
 20 265
 20 270
 20 275
 20 281
 20 286
 20 291
 20 296
 20 302
 20 307
 20 312
 20 318
 20 323
 20 328
 20 334
 20 339
 20 344
 20 349
 20 355
 30 0
 30 6
 30 12
 30 17
 30 23
 30 29
 30 35
 30 41
 30 46
 30 52
 30 58
 30 64
 30 70
 30 75
 30 81
 30 87
 30 93
 30 99
 30 105
 30 110
 30 116
 30 122
 30 128
 30 134
 30 139
 30 145
 30 151
 30 157
 30 163
 30 168
 30 174
 30 180
 30 186
 30 192
 30 197
 30 203
 30 209
 30 215
 30 221
 30 226
 30 232
 30 238
 30 244
 30 250
 30 255
 30 261
 30 267
 30 273
 30 279
 30 285
 30 290
 30 296
 30 302
 30 308
 30 314
 30 319
 30 325
 30 331
 30 337
 30 343
 30 348
 30 354
 40 0
 40 7
 40 13
 40 20
 40 26
 40 33
 40 39
 40 46
 40 52
 40 59
 40 65
 40 72
 40 79
 40 85
 40 92
 40 98
 40 105
 40 111
 40 118
 40 124
 40 131
 40 137
 40 144
 40 151
 40 157
 40 164
 40 170
 40 177
 40 183
 40 190
 40 196
 40 203
 40 209
 40 216
 40 223
 40 229
 40 236
 40 242
 40 249
 40 255
 40 262
 40 268
 40 275
 40 281
 40 288
 40 295
 40 301
 40 308
 40 314
 40 321
 40 327
 40 334
 40 340
 40 347
 40 353
 50 0
 50 8
 50 16
 50 23
 50 31
 50 39
 50 47
 50 55
 50 63
 50 70
 50 78
 50 86
 50 94
 50 102
 50 110
 50 117
 50 125
 50 133
 50 141
 50 149
 50 157
 50 164
 50 172
 50 180
 50 188
 50 196
 50 203
 50 211
 50 219
 50 227
 50 235
 50 243
 50 250
 50 258
 50 266
 50 274
 50 282
 50 290
 50 297
 50 305
 50 313
 50 321
 50 329
 50 337
 50 344
 50 352
 60 0
 60 10
 60 20
 60 30
 60 40
 60 50
 60 60
 60 70
 60 80
 60 90
 60 100
 60 110
 60 120
 60 130
 60 140
 60 150
 60 160
 60 170
 60 180
 60 190
 60 200
 60 210
 60 220
 60 230
 60 240
 60 250
 60 260
 60 270
 60 280
 60 290
 60 300
 60 310
 60 320
 60 330
 60 340
 60 350
 70 0
 70 14
 70 29
 70 43
 70 58
 70 72
 70 86
 70 101
 70 115
 70 130
 70 144
 70 158
 70 173
 70 187
 70 202
 70 216
 70 230
 70 245
 70 259
 70 274
 70 288
 70 302
 70 317
 70 331
 70 346
 80 0
 80 28
 80 55
 80 83
 80 111
 80 138
 80 166
 80 194
 80 222
 80 249
 80 277
 80 305
 80 332
 90 0
 -10 0
 -10 5
 -10 10
 -10 15
 -10 20
 -10 25
 -10 30
 -10 35
 -10 41
 -10 46
 -10 51
 -10 56
 -10 61
 -10 66
 -10 71
 -10 76
 -10 81
 -10 86
 -10 91
 -10 96
 -10 101
 -10 106
 -10 112
 -10 117
 -10 122
 -10 127
 -10 132
 -10 137
 -10 142
 -10 147
 -10 152
 -10 157
 -10 162
 -10 167
 -10 172
 -10 177
 -10 183
 -10 188
 -10 193
 -10 198
 -10 203
 -10 208
 -10 213
 -10 218
 -10 223
 -10 228
 -10 233
 -10 238
 -10 243
 -10 248
 -10 254
 -10 259
 -10 264
 -10 269
 -10 274
 -10 279
 -10 284
 -10 289
 -10 294
 -10 299
 -10 304
 -10 309
 -10 314
 -10 319
 -10 325
 -10 330
 -10 335
 -10 340
 -10 345
 -10 350
 -10 355
 -20 0
 -20 5
 -20 11
 -20 16
 -20 21
 -20 26
 -20 32
 -20 37
 -20 42
 -20 48
 -20 53
 -20 58
 -20 64
 -20 69
 -20 74
 -20 79
 -20 85
 -20 90
 -20 95
 -20 101
 -20 106
 -20 111
 -20 116
 -20 122
 -20 127
 -20 132
 -20 138
 -20 143
 -20 148
 -20 154
 -20 159
 -20 164
 -20 169
 -20 175
 -20 180
 -20 185
 -20 191
 -20 196
 -20 201
 -20 206
 -20 212
 -20 217
 -20 222
 -20 228
 -20 233
 -20 238
 -20 244
 -20 249
 -20 254
 -20 259
 -20 265
 -20 270
 -20 275
 -20 281
 -20 286
 -20 291
 -20 296
 -20 302
 -20 307
 -20 312
 -20 318
 -20 323
 -20 328
 -20 334
 -20 339
 -20 344
 -20 349
 -20 355
 -30 0
 -30 6
 -30 12
 -30 17
 -30 23
 -30 29
 -30 35
 -30 41
 -30 46
 -30 52
 -30 58
 -30 64
 -30 70
 -30 75
 -30 81
 -30 87
 -30 93
 -30 99
 -30 105
 -30 110
 -30 116
 -30 122
 -30 128
 -30 134
 -30 139
 -30 145
 -30 151
 -30 157
 -30 163
 -30 168
 -30 174
 -30 180
 -30 186
 -30 192
 -30 197
 -30 203
 -30 209
 -30 215
 -30 221
 -30 226
 -30 232
 -30 238
 -30 244
 -30 250
 -30 255
 -30 261
 -30 267
 -30 273
 -30 279
 -30 285
 -30 290
 -30 296
 -30 302
 -30 308
 -30 314
 -30 319
 -30 325
 -30 331
 -30 337
 -30 343
 -30 348
 -30 354
 -40 0
 -40 7
 -40 13
 -40 20
 -40 26
 -40 33
 -40 39
 -40 46
 -40 52
 -40 59
 -40 65
 -40 72
 -40 79
 -40 85
 -40 92
 -40 98
 -40 105
 -40 111
 -40 118
 -40 124
 -40 131
 -40 137
 -40 144
 -40 151
 -40 157
 -40 164
 -40 170
 -40 177
 -40 183
 -40 190
 -40 196
 -40 203
 -40 209
 -40 216
 -40 223
 -40 229
 -40 236
 -40 242
 -40 249
 -40 255
 -40 262
 -40 268
 -40 275
 -40 281
 -40 288
 -40 295
 -40 301
 -40 308
 -40 314
 -40 321
 -40 327
 -40 334
 -40 340
 -40 347
 -40 353
 -50 0
 -50 8
 -50 16
 -50 23
 -50 31
 -50 39
 -50 47
 -50 55
 -50 63
 -50 70
 -50 78
 -50 86
 -50 94
 -50 102
 -50 110
 -50 117
 -50 125
 -50 133
 -50 141
 -50 149
 -50 157
 -50 164
 -50 172
 -50 180
 -50 188
 -50 196
 -50 203
 -50 211
 -50 219
 -50 227
 -50 235
 -50 243
 -50 250
 -50 258
 -50 266
 -50 274
 -50 282
 -50 290
 -50 297
 -50 305
 -50 313
 -50 321
 -50 329
 -50 337
 -50 344
 -50 352
 -60 0
 -60 10
 -60 20
 -60 30
 -60 40
 -60 50
 -60 60
 -60 70
 -60 80
 -60 90
 -60 100
 -60 110
 -60 120
 -60 130
 -60 140
 -60 150
 -60 160
 -60 170
 -60 180
 -60 190
 -60 200
 -60 210
 -60 220
 -60 230
 -60 240
 -60 250
 -60 260
 -60 270
 -60 280
 -60 290
 -60 300
 -60 310
 -60 320
 -60 330
 -60 340
 -60 350
 -70 0
 -70 14
 -70 29
 -70 43
 -70 58
 -70 72
 -70 86
 -70 101
 -70 115
 -70 130
 -70 144
 -70 158
 -70 173
 -70 187
 -70 202
 -70 216
 -70 230
 -70 245
 -70 259
 -70 274
 -70 288
 -70 302
 -70 317
 -70 331
 -70 346
 -80 0
 -80 28
 -80 55
 -80 83
 -80 111
 -80 138
 -80 166
 -80 194
 -80 222
 -80 249
 -80 277
 -80 305
 -80 332
 -90 0
